.......................................................................
.......................................................................
.......................................................................
.......................................................................
.......................................................................
.......................................................................
.......................................................................
.......................................................................
.......................................................................
.......................................................................
.......................................................................
.......................................................................
.......................................................................
.......................................................................
.......................................................................
.......................................................................
.......................................................................
.......................................................................
.......................................................................
.......................................................................
.......................................................................
.......................................................................
.......................................................................
.......................................................................
.......................................................................
.......................................................................
.......................................................................
.......................................................................
.......................................................................
.......................................................................
.......................................................................
.......................................................................
.......................................................................
.......................................................................
.......................................................................
.......................................................................
.......................................................................
.......................................................................
.......................................................................
.......................................................................
.......................................................................
.......................................................................
.......................................................................
.......................................................................
.......................................................................
.......................................................................
.......................................................................
.......................................................................
.......................................................................
.......................................................................
.......................................................................
.......................................................................
.......................................................................
.......................................................................
.......................................................................
.......................................................................
.......................................................................
.......................................................................
.......................................................................
.......................................................................
.......................................................................
.......................................................................
.......................................................................
.......................................................................
.......................................................................
.......................................................................
.......................................................................
.......................................................................
.......................................................................
.......................................................................
.......................................................................
(7, 33)
(7, 33)
(17, 9)
(17, 9)
(19, 20)
(19, 20)
(65, 61)
(65, 61)
(11, 56)
(11, 56)
(4, 41)
(4, 41)
(40, 47)
(40, 47)
(8, 41)
(8, 41)
(69, 59)
(69, 59)
(43, 53)
(43, 53)
(65, 63)
(65, 63)
(49, 63)
(49, 63)
(9, 38)
(9, 38)
(55, 59)
(55, 59)
(41, 53)
(41, 53)
(11, 51)
(11, 51)
(2, 7)
(2, 7)
(11, 58)
(11, 58)
(10, 25)
(10, 25)
(15, 31)
(15, 31)
(57, 61)
(57, 61)
(18, 23)
(18, 23)
(31, 52)
(31, 52)
(67, 64)
(67, 64)
(65, 47)
(65, 47)
(9, 62)
(9, 62)
(20, 5)
(20, 5)
(44, 65)
(44, 65)
(1, 8)
(1, 8)
(39, 57)
(39, 57)
(2, 23)
(2, 23)
(68, 55)
(68, 55)
(37, 53)
(37, 53)
(59, 69)
(59, 69)
(9, 52)
(9, 52)
(3, 5)
(3, 5)
(70, 69)
(70, 69)
(3, 25)
(3, 25)
(65, 67)
(65, 67)
(11, 40)
(11, 40)
(47, 51)
(47, 51)
(7, 29)
(7, 29)
(31, 9)
(31, 9)
(11, 8)
(11, 8)
(29, 2)
(29, 2)
(3, 57)
(3, 57)
(9, 11)
(9, 11)
(19, 24)
(19, 24)
(5, 50)
(5, 50)
(61, 54)
(61, 54)
(43, 66)
(43, 66)
(5, 42)
(5, 42)
(45, 67)
(45, 67)
(18, 31)
(18, 31)
(10, 53)
(10, 53)
(9, 4)
(9, 4)
(6, 43)
(6, 43)
(1, 31)
(1, 31)
(19, 18)
(19, 18)
(62, 61)
(62, 61)
(46, 63)
(46, 63)
(6, 15)
(6, 15)
(68, 69)
(68, 69)
(12, 47)
(12, 47)
(56, 63)
(56, 63)
(1, 43)
(1, 43)
(39, 49)
(39, 49)
(57, 63)
(57, 63)
(9, 29)
(9, 29)
(51, 63)
(51, 63)
(65, 37)
(65, 37)
(15, 47)
(15, 47)
(11, 43)
(11, 43)
(3, 14)
(3, 14)
(4, 31)
(4, 31)
(59, 51)
(59, 51)
(2, 55)
(2, 55)
(7, 11)
(7, 11)
(4, 49)
(4, 49)
(7, 58)
(7, 58)
(5, 21)
(5, 21)
(7, 59)
(7, 59)
(69, 52)
(69, 52)
(21, 12)
(21, 12)
(47, 69)
(47, 69)
(2, 49)
(2, 49)
(44, 69)
(44, 69)
(58, 69)
(58, 69)
(12, 43)
(12, 43)
(15, 9)
(15, 9)
(5, 20)
(5, 20)
(33, 53)
(33, 53)
(10, 41)
(10, 41)
(62, 47)
(62, 47)
(51, 65)
(51, 65)
(66, 67)
(66, 67)
(10, 35)
(10, 35)
(59, 58)
(59, 58)
(15, 46)
(15, 46)
(24, 5)
(24, 5)
(63, 67)
(63, 67)
(15, 55)
(15, 55)
(15, 22)
(15, 22)
(9, 51)
(9, 51)
(46, 67)
(46, 67)
(22, 11)
(22, 11)
(61, 63)
(61, 63)
(15, 19)
(15, 19)
(9, 57)
(9, 57)
(4, 5)
(4, 5)
(15, 29)
(15, 29)
(28, 3)
(28, 3)
(1, 2)
(1, 2)
(23, 8)
(23, 8)
(5, 56)
(5, 56)
(25, 26)
(25, 26)
(17, 34)
(17, 34)
(10, 11)
(10, 11)
(51, 54)
(51, 54)
(45, 57)
(45, 57)
(7, 51)
(7, 51)
(57, 59)
(57, 59)
(9, 6)
(9, 6)
(20, 7)
(20, 7)
(5, 47)
(5, 47)
(5, 28)
(5, 28)
(49, 67)
(49, 67)
(7, 3)
(7, 3)
(56, 47)
(56, 47)
(14, 41)
(14, 41)
(8, 21)
(8, 21)
(3, 13)
(3, 13)
(17, 4)
(17, 4)
(21, 31)
(21, 31)
(15, 15)
(15, 15)
(1, 27)
(1, 27)
(27, 6)
(27, 6)
(64, 47)
(64, 47)
(1, 48)
(1, 48)
(4, 23)
(4, 23)
(37, 1)
(37, 1)
(19, 1)
(19, 1)
(9, 18)
(9, 18)
(8, 3)
(8, 3)
(7, 8)
(7, 8)
(65, 56)
(65, 56)
(61, 57)
(61, 57)
(27, 15)
(27, 15)
(5, 53)
(5, 53)
(7, 57)
(7, 57)
(10, 45)
(10, 45)
(44, 61)
(44, 61)
(6, 29)
(6, 29)
(19, 26)
(19, 26)
(66, 69)
(66, 69)
(29, 5)
(29, 5)
(19, 42)
(19, 42)
(7, 49)
(7, 49)
(47, 62)
(47, 62)
(51, 67)
(51, 67)
(63, 57)
(63, 57)
(30, 55)
(30, 55)
(55, 64)
(55, 64)
(5, 49)
(5, 49)
(5, 59)
(5, 59)
(64, 41)
(64, 41)
(50, 53)
(50, 53)
(11, 15)
(11, 15)
(67, 69)
(67, 69)
(42, 51)
(42, 51)
(3, 61)
(3, 61)
(5, 25)
(5, 25)
(23, 3)
(23, 3)
(61, 44)
(61, 44)
(15, 35)
(15, 35)
(5, 17)
(5, 17)
(56, 53)
(56, 53)
(7, 46)
(7, 46)
(0, 21)
(0, 21)
(4, 53)
(4, 53)
(2, 1)
(2, 1)
(65, 51)
(65, 51)
(49, 57)
(49, 57)
(12, 15)
(12, 15)
(16, 55)
(16, 55)
(66, 51)
(66, 51)
(5, 58)
(5, 58)
(18, 1)
(18, 1)
(1, 41)
(1, 41)
(13, 11)
(13, 11)
(55, 52)
(55, 52)
(31, 46)
(31, 46)
(7, 56)
(7, 56)
(53, 51)
(53, 51)
(4, 45)
(4, 45)
(58, 47)
(58, 47)
(47, 49)
(47, 49)
(35, 70)
(35, 70)
(7, 9)
(7, 9)
(67, 44)
(67, 44)
(3, 47)
(3, 47)
(53, 67)
(53, 67)
(19, 11)
(19, 11)
(9, 55)
(9, 55)
(23, 17)
(23, 17)
(5, 41)
(5, 41)
(7, 54)
(7, 54)
(13, 33)
(13, 33)
(39, 55)
(39, 55)
(59, 62)
(59, 62)
(35, 46)
(35, 46)
(50, 69)
(50, 69)
(15, 17)
(15, 17)
(11, 41)
(11, 41)
(5, 51)
(5, 51)
(5, 43)
(5, 43)
(17, 8)
(17, 8)
(47, 5)
(47, 5)
(11, 39)
(11, 39)
(13, 61)
(13, 61)
(61, 53)
(61, 53)
(69, 67)
(69, 67)
(45, 65)
(45, 65)
(63, 37)
(63, 37)
(6, 31)
(6, 31)
(15, 1)
(15, 1)
(13, 41)
(13, 41)
(7, 37)
(7, 37)
(11, 29)
(11, 29)
(8, 57)
(8, 57)
(35, 53)
(35, 53)
(11, 28)
(11, 28)
(21, 40)
(21, 40)
(48, 57)
(48, 57)
(3, 16)
(3, 16)
(1, 4)
(1, 4)
(47, 70)
(47, 70)
(3, 40)
(3, 40)
(13, 2)
(13, 2)
(55, 50)
(55, 50)
(9, 19)
(9, 19)
(11, 20)
(11, 20)
(17, 37)
(17, 37)
(1, 49)
(1, 49)
(53, 62)
(53, 62)
(11, 33)
(11, 33)
(68, 67)
(68, 67)
(59, 56)
(59, 56)
(1, 34)
(1, 34)
(45, 56)
(45, 56)
(57, 65)
(57, 65)
(11, 32)
(11, 32)
(23, 13)
(23, 13)
(27, 0)
(27, 0)
(11, 27)
(11, 27)
(4, 59)
(4, 59)
(8, 33)
(8, 33)
(63, 55)
(63, 55)
(48, 51)
(48, 51)
(14, 61)
(14, 61)
(62, 59)
(62, 59)
(35, 54)
(35, 54)
(1, 36)
(1, 36)
(69, 65)
(69, 65)
(33, 55)
(33, 55)
(29, 53)
(29, 53)
(2, 63)
(2, 63)
(25, 11)
(25, 11)
(5, 12)
(5, 12)
(31, 5)
(31, 5)
(17, 21)
(17, 21)
(2, 45)
(2, 45)
(47, 55)
(47, 55)
(3, 2)
(3, 2)
(11, 59)
(11, 59)
(59, 43)
(59, 43)
(19, 9)
(19, 9)
(65, 69)
(65, 69)
(5, 19)
(5, 19)
(13, 40)
(13, 40)
(27, 49)
(27, 49)
(18, 3)
(18, 3)
(14, 33)
(14, 33)
(11, 18)
(11, 18)
(9, 21)
(9, 21)
(27, 28)
(27, 28)
(5, 0)
(5, 0)
(23, 24)
(23, 24)
(1, 29)
(1, 29)
(35, 49)
(35, 49)
(29, 54)
(29, 54)
(15, 5)
(15, 5)
(55, 61)
(55, 61)
(15, 10)
(15, 10)
(67, 52)
(67, 52)
(17, 60)
(17, 60)
(13, 15)
(13, 15)
(17, 13)
(17, 13)
(8, 49)
(8, 49)
(57, 56)
(57, 56)
(49, 59)
(49, 59)
(25, 16)
(25, 16)
(1, 57)
(1, 57)
(15, 27)
(15, 27)
(20, 13)
(20, 13)
(16, 35)
(16, 35)
(38, 51)
(38, 51)
(9, 61)
(9, 61)
(5, 5)
(5, 5)
(14, 11)
(14, 11)
(35, 51)
(35, 51)
(7, 14)
(7, 14)
(10, 17)
(10, 17)
(1, 11)
(1, 11)
(35, 1)
(35, 1)
(5, 39)
(5, 39)
(31, 0)
(31, 0)
(23, 5)
(23, 5)
(61, 43)
(61, 43)
(2, 13)
(2, 13)
(58, 61)
(58, 61)
(67, 57)
(67, 57)
(62, 55)
(62, 55)
(21, 19)
(21, 19)
(7, 4)
(7, 4)
(33, 54)
(33, 54)
(63, 45)
(63, 45)
(12, 45)
(12, 45)
(1, 53)
(1, 53)
(53, 60)
(53, 60)
(8, 11)
(8, 11)
(11, 54)
(11, 54)
(49, 69)
(49, 69)
(11, 25)
(11, 25)
(63, 59)
(63, 59)
(47, 68)
(47, 68)
(37, 51)
(37, 51)
(1, 39)
(1, 39)
(29, 51)
(29, 51)
(15, 3)
(15, 3)
(33, 59)
(33, 59)
(57, 51)
(57, 51)
(14, 29)
(14, 29)
(55, 69)
(55, 69)
(60, 45)
(60, 45)
(55, 49)
(55, 49)
(3, 26)
(3, 26)
(6, 1)
(6, 1)
(15, 43)
(15, 43)
(13, 55)
(13, 55)
(20, 9)
(20, 9)
(59, 57)
(59, 57)
(5, 63)
(5, 63)
(67, 66)
(67, 66)
(0, 43)
(0, 43)
(24, 7)
(24, 7)
(14, 59)
(14, 59)
(29, 50)
(29, 50)
(39, 53)
(39, 53)
(49, 55)
(49, 55)
(6, 25)
(6, 25)
(53, 56)
(53, 56)
(65, 65)
(65, 65)
(7, 61)
(7, 61)
(65, 53)
(65, 53)
(11, 45)
(11, 45)
(54, 65)
(54, 65)
(63, 68)
(63, 68)
(21, 22)
(21, 22)
(40, 53)
(40, 53)
(7, 16)
(7, 16)
(2, 33)
(2, 33)
(29, 49)
(29, 49)
(58, 49)
(58, 49)
(6, 53)
(6, 53)
(10, 27)
(10, 27)
(9, 1)
(9, 1)
(0, 11)
(0, 11)
(23, 30)
(23, 30)
(19, 15)
(19, 15)
(6, 35)
(6, 35)
(49, 52)
(49, 52)
(11, 2)
(11, 2)
(7, 41)
(7, 41)
(4, 57)
(4, 57)
(17, 20)
(17, 20)
(13, 10)
(13, 10)
(3, 35)
(3, 35)
(41, 39)
(41, 39)
(5, 62)
(5, 62)
(42, 61)
(42, 61)
(69, 69)
(69, 69)
(13, 53)
(13, 53)
(1, 33)
(1, 33)
(23, 23)
(23, 23)
(3, 19)
(3, 19)
(11, 55)
(11, 55)
(25, 4)
(25, 4)
(61, 66)
(61, 66)
(9, 50)
(9, 50)
(16, 57)
(16, 57)
(1, 37)
(1, 37)
(54, 57)
(54, 57)
(57, 50)
(57, 50)
(17, 1)
(17, 1)
(11, 3)
(11, 3)
(22, 27)
(22, 27)
(7, 26)
(7, 26)
(3, 7)
(3, 7)
(24, 1)
(24, 1)
(7, 18)
(7, 18)
(6, 39)
(6, 39)
(11, 62)
(11, 62)
(7, 62)
(7, 62)
(27, 53)
(27, 53)
(11, 23)
(11, 23)
(60, 57)
(60, 57)
(65, 57)
(65, 57)
(16, 19)
(16, 19)
(31, 53)
(31, 53)
(56, 69)
(56, 69)
(45, 49)
(45, 49)
(12, 19)
(12, 19)
(13, 17)
(13, 17)
(69, 60)
(69, 60)
(6, 47)
(6, 47)
(61, 55)
(61, 55)
(47, 63)
(47, 63)
(37, 0)
(37, 0)
(51, 43)
(51, 43)
(17, 2)
(17, 2)
(59, 37)
(59, 37)
(9, 42)
(9, 42)
(29, 14)
(29, 14)
(11, 50)
(11, 50)
(21, 25)
(21, 25)
(39, 63)
(39, 63)
(59, 53)
(59, 53)
(11, 6)
(11, 6)
(47, 67)
(47, 67)
(50, 63)
(50, 63)
(15, 11)
(15, 11)
(66, 59)
(66, 59)
(5, 10)
(5, 10)
(63, 44)
(63, 44)
(43, 56)
(43, 56)
(33, 13)
(33, 13)
(9, 27)
(9, 27)
(9, 35)
(9, 35)
(55, 63)
(55, 63)
(61, 52)
(61, 52)
(15, 7)
(15, 7)
(55, 53)
(55, 53)
(9, 13)
(9, 13)
(25, 53)
(25, 53)
(14, 13)
(14, 13)
(5, 27)
(5, 27)
(27, 5)
(27, 5)
(2, 41)
(2, 41)
(43, 63)
(43, 63)
(33, 47)
(33, 47)
(51, 55)
(51, 55)
(53, 66)
(53, 66)
(22, 7)
(22, 7)
(11, 12)
(11, 12)
(9, 53)
(9, 53)
(8, 23)
(8, 23)
(3, 20)
(3, 20)
(7, 47)
(7, 47)
(29, 30)
(29, 30)
(1, 25)
(1, 25)
(4, 37)
(4, 37)
(35, 14)
(35, 14)
(3, 3)
(3, 3)
(17, 5)
(17, 5)
(7, 38)
(7, 38)
(15, 21)
(15, 21)
(45, 59)
(45, 59)
(26, 9)
(26, 9)
(2, 27)
(2, 27)
(7, 15)
(7, 15)
(48, 55)
(48, 55)
(15, 59)
(15, 59)
(39, 51)
(39, 51)
(19, 32)
(19, 32)
(47, 65)
(47, 65)
(70, 57)
(70, 57)
(43, 67)
(43, 67)
(9, 16)
(9, 16)
(41, 49)
(41, 49)
(3, 38)
(3, 38)
(9, 31)
(9, 31)
(3, 59)
(3, 59)
(31, 51)
(31, 51)
(23, 44)
(23, 44)
(3, 28)
(3, 28)
(23, 6)
(23, 6)
(35, 52)
(35, 52)
(69, 57)
(69, 57)
(63, 47)
(63, 47)
(59, 65)
(59, 65)
(57, 43)
(57, 43)
(16, 7)
(16, 7)
(4, 11)
(4, 11)
(15, 25)
(15, 25)
(21, 24)
(21, 24)
(1, 45)
(1, 45)
(17, 7)
(17, 7)
(55, 54)
(55, 54)
(9, 54)
(9, 54)
(3, 32)
(3, 32)
(3, 54)
(3, 54)
(11, 61)
(11, 61)
(59, 59)
(59, 59)
(52, 51)
(52, 51)
(7, 12)
(7, 12)
(15, 37)
(15, 37)
(13, 3)
(13, 3)
(52, 55)
(52, 55)
(67, 51)
(67, 51)
(27, 17)
(27, 17)
(29, 7)
(29, 7)
(17, 6)
(17, 6)
(17, 23)
(17, 23)
(9, 23)
(9, 23)
(61, 65)
(61, 65)
(67, 62)
(67, 62)
(3, 22)
(3, 22)
(61, 59)
(61, 59)
(3, 43)
(3, 43)
(37, 50)
(37, 50)
(64, 49)
(64, 49)
(7, 17)
(7, 17)
(59, 67)
(59, 67)
(41, 65)
(41, 65)
(65, 44)
(65, 44)
(3, 17)
(3, 17)
(19, 7)
(19, 7)
(3, 55)
(3, 55)
(61, 61)
(61, 61)
(7, 13)
(7, 13)
(16, 43)
(16, 43)
(47, 53)
(47, 53)
(56, 67)
(56, 67)
(9, 37)
(9, 37)
(1, 51)
(1, 51)
(37, 49)
(37, 49)
(29, 11)
(29, 11)
(49, 50)
(49, 50)
(3, 37)
(3, 37)
(8, 59)
(8, 59)
(21, 11)
(21, 11)
(8, 29)
(8, 29)
(12, 13)
(12, 13)
(49, 56)
(49, 56)
(46, 51)
(46, 51)
(16, 41)
(16, 41)
(31, 11)
(31, 11)
(49, 53)
(49, 53)
(13, 24)
(13, 24)
(13, 44)
(13, 44)
(44, 51)
(44, 51)
(69, 63)
(69, 63)
(24, 17)
(24, 17)
(19, 23)
(19, 23)
(7, 7)
(7, 7)
(43, 51)
(43, 51)
(12, 37)
(12, 37)
(27, 3)
(27, 3)
(14, 37)
(14, 37)
(69, 61)
(69, 61)
(20, 1)
(20, 1)
(50, 65)
(50, 65)
(34, 51)
(34, 51)
(57, 49)
(57, 49)
(63, 66)
(63, 66)
(64, 65)
(64, 65)
(13, 38)
(13, 38)
(69, 47)
(69, 47)
(3, 11)
(3, 11)
(11, 60)
(11, 60)
(53, 59)
(53, 59)
(5, 13)
(5, 13)
(39, 50)
(39, 50)
(59, 47)
(59, 47)
(30, 9)
(30, 9)
(3, 41)
(3, 41)
(25, 5)
(25, 5)
(13, 58)
(13, 58)
(23, 10)
(23, 10)
(25, 30)
(25, 30)
(33, 18)
(33, 18)
(47, 45)
(47, 45)
(5, 34)
(5, 34)
(3, 1)
(3, 1)
(21, 1)
(21, 1)
(5, 2)
(5, 2)
(29, 56)
(29, 56)
(33, 48)
(33, 48)
(60, 69)
(60, 69)
(69, 55)
(69, 55)
(10, 9)
(10, 9)
(9, 17)
(9, 17)
(1, 18)
(1, 18)
(17, 3)
(17, 3)
(59, 64)
(59, 64)
(9, 9)
(9, 9)
(19, 19)
(19, 19)
(3, 53)
(3, 53)
(63, 64)
(63, 64)
(62, 63)
(62, 63)
(41, 69)
(41, 69)
(51, 59)
(51, 59)
(13, 43)
(13, 43)
(9, 39)
(9, 39)
(14, 35)
(14, 35)
(31, 49)
(31, 49)
(53, 69)
(53, 69)
(45, 50)
(45, 50)
(18, 9)
(18, 9)
(1, 55)
(1, 55)
(7, 43)
(7, 43)
(64, 53)
(64, 53)
(10, 47)
(10, 47)
(43, 49)
(43, 49)
(66, 47)
(66, 47)
(17, 31)
(17, 31)
(10, 13)
(10, 13)
(1, 1)
(1, 1)
(7, 45)
(7, 45)
(19, 3)
(19, 3)
(47, 58)
(47, 58)
(53, 65)
(53, 65)
(53, 50)
(53, 50)
(1, 15)
(1, 15)
(15, 33)
(15, 33)
(31, 67)
(31, 67)
(34, 57)
(34, 57)
(13, 26)
(13, 26)
(67, 58)
(67, 58)
(1, 16)
(1, 16)
(58, 53)
(58, 53)
(5, 24)
(5, 24)
(20, 27)
(20, 27)
(9, 7)
(9, 7)
(25, 9)
(25, 9)
(1, 23)
(1, 23)
(7, 31)
(7, 31)
(55, 68)
(55, 68)
(9, 2)
(9, 2)
(1, 47)
(1, 47)
(55, 57)
(55, 57)
(1, 13)
(1, 13)
(0, 53)
(0, 53)
(9, 33)
(9, 33)
(4, 47)
(4, 47)
(70, 53)
(70, 53)
(1, 38)
(1, 38)
(6, 5)
(6, 5)
(0, 29)
(0, 29)
(64, 61)
(64, 61)
(65, 49)
(65, 49)
(31, 55)
(31, 55)
(55, 51)
(55, 51)
(2, 31)
(2, 31)
(5, 3)
(5, 3)
(57, 60)
(57, 60)
(1, 52)
(1, 52)
(10, 59)
(10, 59)
(70, 65)
(70, 65)
(45, 55)
(45, 55)
(25, 39)
(25, 39)
(57, 47)
(57, 47)
(13, 29)
(13, 29)
(59, 55)
(59, 55)
(57, 69)
(57, 69)
(4, 27)
(4, 27)
(43, 68)
(43, 68)
(12, 61)
(12, 61)
(45, 53)
(45, 53)
(7, 48)
(7, 48)
(39, 47)
(39, 47)
(38, 47)
(38, 47)
(1, 5)
(1, 5)
(57, 66)
(57, 66)
(55, 62)
(55, 62)
(3, 46)
(3, 46)
(9, 41)
(9, 41)
(36, 49)
(36, 49)
(51, 66)
(51, 66)
(8, 31)
(8, 31)
(17, 15)
(17, 15)
(17, 10)
(17, 10)
(47, 54)
(47, 54)
(53, 48)
(53, 48)
(59, 50)
(59, 50)
(49, 60)
(49, 60)
(16, 17)
(16, 17)
(65, 60)
(65, 60)
(21, 9)
(21, 9)
(13, 42)
(13, 42)
(70, 41)
(70, 41)
(11, 1)
(11, 1)
(3, 18)
(3, 18)
(67, 56)
(67, 56)
(7, 36)
(7, 36)
(63, 63)
(63, 63)
(11, 19)
(11, 19)
(13, 7)
(13, 7)
(19, 17)
(19, 17)
(33, 49)
(33, 49)
(5, 37)
(5, 37)
(41, 66)
(41, 66)
(21, 4)
(21, 4)
(59, 45)
(59, 45)
(14, 15)
(14, 15)
(19, 29)
(19, 29)
(15, 18)
(15, 18)
(38, 55)
(38, 55)
(1, 20)
(1, 20)
(17, 41)
(17, 41)
(61, 49)
(61, 49)
(14, 55)
(14, 55)
(32, 55)
(32, 55)
(29, 52)
(29, 52)
(63, 56)
(63, 56)
(59, 54)
(59, 54)
(62, 51)
(62, 51)
(43, 57)
(43, 57)
(13, 54)
(13, 54)
(7, 39)
(7, 39)
(32, 57)
(32, 57)
(25, 25)
(25, 25)
(21, 15)
(21, 15)
(25, 15)
(25, 15)
(13, 31)
(13, 31)
(5, 31)
(5, 31)
(5, 8)
(5, 8)
(17, 28)
(17, 28)
(61, 47)
(61, 47)
(63, 50)
(63, 50)
(52, 69)
(52, 69)
(5, 29)
(5, 29)
(56, 59)
(56, 59)
(17, 12)
(17, 12)
(23, 1)
(23, 1)
(27, 9)
(27, 9)
(65, 59)
(65, 59)
(3, 39)
(3, 39)
(55, 65)
(55, 65)
(60, 51)
(60, 51)
(13, 16)
(13, 16)
(45, 69)
(45, 69)
(61, 69)
(61, 69)
(3, 49)
(3, 49)
(63, 52)
(63, 52)
(5, 7)
(5, 7)
(16, 31)
(16, 31)
(68, 63)
(68, 63)
(51, 57)
(51, 57)
(28, 5)
(28, 5)
(16, 25)
(16, 25)
(19, 33)
(19, 33)
(66, 63)
(66, 63)
(14, 45)
(14, 45)
(21, 7)
(21, 7)
(5, 35)
(5, 35)
(25, 2)
(25, 2)
(25, 10)
(25, 10)
(57, 38)
(57, 38)
(27, 48)
(27, 48)
(21, 2)
(21, 2)
(9, 30)
(9, 30)
(67, 65)
(67, 65)
(3, 51)
(3, 51)
(61, 68)
(61, 68)
(13, 13)
(13, 13)
(14, 21)
(14, 21)
(68, 59)
(68, 59)
(25, 3)
(25, 3)
(28, 17)
(28, 17)
(11, 21)
(11, 21)
(2, 59)
(2, 59)
(16, 1)
(16, 1)
(24, 19)
(24, 19)
(23, 26)
(23, 26)
(6, 33)
(6, 33)
(55, 67)
(55, 67)
(59, 38)
(59, 38)
(5, 15)
(5, 15)
(45, 63)
(45, 63)
(57, 67)
(57, 67)
(1, 17)
(1, 17)
(7, 40)
(7, 40)
(32, 51)
(32, 51)
(13, 28)
(13, 28)
(69, 49)
(69, 49)
(33, 51)
(33, 51)
(36, 53)
(36, 53)
(9, 44)
(9, 44)
(19, 14)
(19, 14)
(35, 12)
(35, 12)
(65, 55)
(65, 55)
(53, 68)
(53, 68)
(5, 33)
(5, 33)
(53, 61)
(53, 61)
(55, 55)
(55, 55)
(17, 25)
(17, 25)
(55, 45)
(55, 45)
(1, 42)
(1, 42)
(49, 61)
(49, 61)
(32, 49)
(32, 49)
(11, 5)
(11, 5)
(11, 35)
(11, 35)
(13, 5)
(13, 5)
(29, 55)
(29, 55)
(17, 16)
(17, 16)
(14, 5)
(14, 5)
(61, 51)
(61, 51)
(51, 49)
(51, 49)
(3, 21)
(3, 21)
(46, 53)
(46, 53)
(9, 59)
(9, 59)
(27, 56)
(27, 56)
(67, 67)
(67, 67)
(19, 5)
(19, 5)
(25, 1)
(25, 1)
(13, 22)
(13, 22)
(60, 39)
(60, 39)
(15, 13)
(15, 13)
(23, 9)
(23, 9)
(13, 37)
(13, 37)
(11, 17)
(11, 17)
(57, 39)
(57, 39)
(7, 53)
(7, 53)
(7, 6)
(7, 6)
(53, 58)
(53, 58)
(26, 33)
(26, 33)
(13, 8)
(13, 8)
(67, 63)
(67, 63)
(7, 10)
(7, 10)
(4, 15)
(4, 15)
(8, 45)
(8, 45)
(9, 36)
(9, 36)
(15, 53)
(15, 53)
(61, 60)
(61, 60)
(1, 24)
(1, 24)
(41, 55)
(41, 55)
(2, 51)
(2, 51)
(47, 61)
(47, 61)
(15, 26)
(15, 26)
(49, 64)
(49, 64)
(15, 14)
(15, 14)
(11, 53)
(11, 53)
(27, 8)
(27, 8)
(11, 31)
(11, 31)
(2, 11)
(2, 11)
(31, 41)
(31, 41)
(23, 0)
(23, 0)
(53, 49)
(53, 49)
(3, 29)
(3, 29)
(31, 57)
(31, 57)
(60, 61)
(60, 61)
(57, 44)
(57, 44)
(18, 15)
(18, 15)
(8, 27)
(8, 27)
(59, 63)
(59, 63)
(26, 19)
(26, 19)
(45, 64)
(45, 64)
(43, 58)
(43, 58)
(67, 49)
(67, 49)
(7, 20)
(7, 20)
(41, 64)
(41, 64)
(67, 47)
(67, 47)
(63, 69)
(63, 69)
(9, 3)
(9, 3)
(67, 53)
(67, 53)
(16, 23)
(16, 23)
(65, 42)
(65, 42)
(16, 13)
(16, 13)
(67, 61)
(67, 61)
(55, 48)
(55, 48)
(47, 60)
(47, 60)
(25, 7)
(25, 7)
(1, 35)
(1, 35)
(11, 37)
(11, 37)
(21, 3)
(21, 3)
(11, 36)
(11, 36)
(56, 45)
(56, 45)
(57, 45)
(57, 45)
(44, 53)
(44, 53)
(17, 57)
(17, 57)
(17, 59)
(17, 59)
(1, 9)
(1, 9)
(16, 61)
(16, 61)
(1, 3)
(1, 3)
(37, 54)
(37, 54)
(13, 19)
(13, 19)
(68, 49)
(68, 49)
(58, 35)
(58, 35)
(11, 11)
(11, 11)
(9, 5)
(9, 5)
(57, 55)
(57, 55)
(59, 66)
(59, 66)
(19, 10)
(19, 10)
(13, 59)
(13, 59)
(5, 45)
(5, 45)
(13, 39)
(13, 39)
(2, 37)
(2, 37)
(9, 22)
(9, 22)
(48, 67)
(48, 67)
(49, 62)
(49, 62)
(15, 41)
(15, 41)
(51, 61)
(51, 61)
(13, 52)
(13, 52)
(57, 58)
(57, 58)
(70, 49)
(70, 49)
(11, 57)
(11, 57)
(17, 33)
(17, 33)
(58, 65)
(58, 65)
(5, 57)
(5, 57)
(64, 63)
(64, 63)
(7, 55)
(7, 55)
(41, 52)
(41, 52)
(5, 55)
(5, 55)
(6, 21)
(6, 21)
(57, 57)
(57, 57)
(11, 22)
(11, 22)
(39, 58)
(39, 58)
(63, 70)
(63, 70)
(46, 45)
(46, 45)
(7, 60)
(7, 60)
(19, 59)
(19, 59)
(17, 11)
(17, 11)
(51, 69)
(51, 69)
(49, 65)
(49, 65)
(13, 6)
(13, 6)
(11, 34)
(11, 34)
(67, 54)
(67, 54)
(45, 48)
(45, 48)
(43, 54)
(43, 54)
(51, 58)
(51, 58)
(57, 53)
(57, 53)
(5, 61)
(5, 61)
(53, 43)
(53, 43)
(54, 61)
(54, 61)
(42, 55)
(42, 55)
(60, 47)
(60, 47)
(12, 33)
(12, 33)
(4, 35)
(4, 35)
(28, 9)
(28, 9)
(63, 61)
(63, 61)
(33, 57)
(33, 57)
(12, 25)
(12, 25)
(51, 60)
(51, 60)
(15, 32)
(15, 32)
(13, 57)
(13, 57)
(53, 63)
(53, 63)
(11, 30)
(11, 30)
(65, 54)
(65, 54)
(19, 40)
(19, 40)
(39, 52)
(39, 52)
(7, 1)
(7, 1)
(45, 66)
(45, 66)
(61, 48)
(61, 48)
(15, 57)
(15, 57)
(3, 33)
(3, 33)
(4, 51)
(4, 51)
(41, 51)
(41, 51)
(67, 42)
(67, 42)
(59, 49)
(59, 49)
(51, 53)
(51, 53)
(40, 55)
(40, 55)
(19, 27)
(19, 27)
(53, 55)
(53, 55)
(34, 47)
(34, 47)
(16, 39)
(16, 39)
(9, 15)
(9, 15)
(29, 44)
(29, 44)
(17, 19)
(17, 19)
(1, 21)
(1, 21)
(37, 55)
(37, 55)
(9, 43)
(9, 43)
(4, 7)
(4, 7)
(5, 11)
(5, 11)
(37, 5)
(37, 5)
(31, 6)
(31, 6)
(13, 27)
(13, 27)
(49, 51)
(49, 51)
(31, 7)
(31, 7)
(11, 7)
(11, 7)
(3, 44)
(3, 44)
(25, 23)
(25, 23)
(47, 59)
(47, 59)
(55, 56)
(55, 56)
(19, 13)
(19, 13)
(14, 19)
(14, 19)
(15, 4)
(15, 4)
(12, 9)
(12, 9)
(48, 65)
(48, 65)
(22, 3)
(22, 3)
(7, 27)
(7, 27)
(63, 58)
(63, 58)
(58, 45)
(58, 45)
(51, 68)
(51, 68)
(6, 51)
(6, 51)
(1, 7)
(1, 7)
(21, 5)
(21, 5)
(11, 0)
(11, 0)
(66, 49)
(66, 49)
(1, 19)
(1, 19)
(33, 11)
(33, 11)
(18, 21)
(18, 21)
(69, 53)
(69, 53)
(50, 57)
(50, 57)
(11, 13)
(11, 13)
(11, 4)
(11, 4)
(55, 47)
(55, 47)
(34, 49)
(34, 49)
(13, 56)
(13, 56)
(5, 23)
(5, 23)
(2, 5)
(2, 5)
(61, 67)
(61, 67)
(30, 49)
(30, 49)
.....#.....#...........#...#...#.....#.................................
.###..##.#.#...#######.###.........#.#.................................
.#.#.#...#.#.#...#...#...#...#.........................................
.#.#.#.###.#.#.#.###.###.#.##..........................................
.#.....#.#.#...#.#...#...#.............................................
.######..#.#.###.#.###.###.###.#.....#.........#.......................
.......#.#.#.#...#.....#...#...#.......................................
.#####.#.#.#.#.###.####.##...#.#.......................................
.#...#.#...#.#...#.....#...#...........................................
.#.....#.##.#..#.#####.#.####.##.......................................
.....#.#.....#.#.#.#...#.#.............................................
######.#####.###.#.#.##..#...#.#.#.....................................
.....#.#...#.....#...#.............#...................................
.###.#.#.#########.##..#.........#.....................................
...#...#.......#...#.........#.....#...................................
.#..####.#.#####.###.#...#.#...........................................
.#.#...#.#...#...#.......#.............................................
.#.#.#.#.###.#.##..#...##..##..........................................
.#.#...#.#.#...#...#.............#.....................................
.#.#.#...#.#######.#.#..#.#............................................
.#.#.#.#...#.....#.#...................................................
##.#.##.##.#..##.##....................................................
...#.....#.#.#.#.....#.................................................
.##.##..##.#....####...#.#.............................................
.#...#.......#.....#.#.#...............................................
.#.#.##...###..###...#...#.............................................
...#...#.....#.#...#...#.#.............................................
.##.##.#####.#.#...##.#................................................
...#.#.....#.#...#.........#...........................................
##.#.#####.#.###...#...................................................
.........#.#...........#.#...#.........................................
.##.######.#.#.####..#.................................................
...#.......#...#...#...................................................
.###.#####.#####.#.#......#............................................
.#...#.....#.....#.....................................................
.#.####..###..###.........................................#............
.#.....#.#.#...........................................................
.#####.#.#.#####.#.........................................#...#.#.....
.#.#...#.#...#...........................................#.#...........
.#.#.###.#.#.#..#........#...............#...............#..#..........
...#...#...#.#.....#.#.................................................
.#####.#####.#####.............#................................#.....#
.#...#...#...#.....#.............................................#.#...
##.#.###.#.###.##..................................#.#...#.#.#.........
...#.....#...#.........#.....#...........................#...#.#.#.#...
.##.##.##.###.#...............................##.......######..#.......
...#...#.......#...............#...#...................................
.#.#####..#.#..#.................##...###..............#############.#.
.#.....#...................#.....#...........#.......#.#.....#.........
.#####.##..................#.#########.#.#.#.#.#...#.#.#.###.#..#######
.....#...#.#.................#.......#.#.....#...#...#.#.#.#...#.......
.#######.#.#.................#.#####.###.####.####..##.#.#.####..###...
.#.......#...#...............#.#...#...#.#.......#.....#.....#.#...#.#.
##.#####.###.#.#.........#.#.#.#.#.###.###.#####.###...#####.#..##.#.##
...#...#.#.#.#...............#...#.#.#.....#...#...#...#...#.#...#.#...
.###.#.#.#.#.####............#####...######..#.###.###.#.#.#.###.#..##.
.....#.#...#.#.............#.#.............#.#...#...#.#.#.#...#.#.#...
.#.###.###.#.#.###.............####....#...#.#..####..##.#.###.#.#.#.##
.....#.#...#.#.........................#...#...#...#.#...#.#...#...#...
..####.#####.###.#.#.............#...........#.#.#.#.#.###.#.###.##.##.
.......#...#.....#.............................#.#.#.#...#...#...#...#.
...#.#.#.#.####.#.........................#.#..#.#.#.###.##.######.#.#.
.....#.#.#.#...................................#.#...#.#...#.......#...
..#..#.................................#...#.###.###.#.###.#.#########.
.........................................#...#...#.....#...#...#...#...
.........................................#..##.#####.###.###.#..##.#.##
.........................................#.#.#.....#.#...#.#.#.#...#...
...............................#...........#.#####.#.#.###.#.#.#.#####.
...........................................#...#...#.#.#.....#.#.......
.........................................#..##.#.#####.#######.#.######
...................................#...........#...............#.......
354
